 Profile "temperature" initialized from data/profiles/atmosphere/ussa.temp
 # Profile: temperature (K)
 # number of cells:         120
 # height (km), mid-point, delta, layer density, exo layer density, burden density
  5.0000000000000000E-001,  2.8490049999999997E+002, -6.4989999999999668E+000,28490049.999999996275,28490049.999999996275,2787212700.0000600815
  1.5000000000000000E+000,  2.7840250000000003E+002, -6.4970000000000141E+000,27840250.000000003725,27840250.000000003725,2758722650.0000600815
  2.5000000000000000E+000,  2.7190649999999999E+002, -6.4950000000000045E+000,27190650.000000000000,27190650.000000000000,2730882400.0000600815
  3.5000000000000000E+000,  2.6541250000000002E+002, -6.4929999999999950E+000,26541250.000000003725,26541250.000000003725,2703691750.0000600815
  4.5000000000000000E+000,  2.5892099999999999E+002, -6.4900000000000091E+000,25892100.000000000000,25892100.000000000000,2677150500.0000600815
  5.5000000000000000E+000,  2.5243150000000000E+002, -6.4889999999999759E+000,25243150.000000000000,25243150.000000000000,2651258400.0000600815
  6.5000000000000000E+000,  2.4594350000000000E+002, -6.4870000000000232E+000,24594350.000000000000,24594350.000000000000,2626015250.0000600815
  7.5000000000000000E+000,  2.3945749999999998E+002, -6.4849999999999852E+000,23945750.000000000000,23945750.000000000000,2601420900.0000600815
  8.5000000000000000E+000,  2.3297399999999999E+002, -6.4819999999999993E+000,23297400.000000000000,23297400.000000000000,2577475150.0000600815
  9.5000000000000000E+000,  2.2649250000000001E+002, -6.4809999999999945E+000,22649250.000000000000,22649250.000000000000,2554177750.0000600815
  1.0500000000000000E+001,  2.2001300000000001E+002, -6.4780000000000086E+000,22001300.000000000000,22001300.000000000000,2531528500.0000600815
  1.1500000000000000E+001,  2.1671199999999999E+002, -1.2399999999999523E-001,21671200.000000000000,21671200.000000000000,2509527200.0000600815
  1.2500000000000000E+001,  2.1665000000000001E+002,  0.0000000000000000E+000,21665000.000000000000,21665000.000000000000,2487856000.0000600815
  1.3500000000000000E+001,  2.1665000000000001E+002,  0.0000000000000000E+000,21665000.000000000000,21665000.000000000000,2466191000.0000600815
  1.4500000000000000E+001,  2.1665000000000001E+002,  0.0000000000000000E+000,21665000.000000000000,21665000.000000000000,2444526000.0000600815
  1.5500000000000000E+001,  2.1665000000000001E+002,  0.0000000000000000E+000,21665000.000000000000,21665000.000000000000,2422861000.0000600815
  1.6500000000000000E+001,  2.1665000000000001E+002,  0.0000000000000000E+000,21665000.000000000000,21665000.000000000000,2401196000.0000600815
  1.7500000000000000E+001,  2.1665000000000001E+002,  0.0000000000000000E+000,21665000.000000000000,21665000.000000000000,2379531000.0000600815
  1.8500000000000000E+001,  2.1665000000000001E+002,  0.0000000000000000E+000,21665000.000000000000,21665000.000000000000,2357866000.0000600815
  1.9500000000000000E+001,  2.1665000000000001E+002,  0.0000000000000000E+000,21665000.000000000000,21665000.000000000000,2336201000.0000600815
  2.0500000000000000E+001,  2.1711550000000000E+002,  9.3099999999998317E-001,21711550.000000000000,21711550.000000000000,2314536000.0000600815
  2.1500000000000000E+001,  2.1807749999999999E+002,  9.9300000000002342E-001,21807750.000000000000,21807750.000000000000,2292824450.0000600815
  2.2500000000000000E+001,  2.1907050000000001E+002,  9.9299999999999500E-001,21907050.000000000000,21907050.000000000000,2271016700.0000600815
  2.3500000000000000E+001,  2.2006350000000000E+002,  9.9299999999999500E-001,22006350.000000000000,22006350.000000000000,2249109650.0000600815
  2.4500000000000000E+001,  2.2105599999999998E+002,  9.9199999999999022E-001,22105600.000000000000,22105600.000000000000,2227103300.0000600815
  2.5500000000000000E+001,  2.2204800000000000E+002,  9.9200000000001864E-001,22204800.000000000000,22204800.000000000000,2204997700.0000600815
  2.6500000000000000E+001,  2.2304000000000002E+002,  9.9199999999999022E-001,22304000.000000003725,22304000.000000003725,2182792900.0000600815
  2.7500000000000000E+001,  2.2403149999999999E+002,  9.9099999999998545E-001,22403150.000000000000,22403150.000000000000,2160488900.0000600815
  2.8500000000000000E+001,  2.2502249999999998E+002,  9.9100000000001387E-001,22502249.999999996275,22502249.999999996275,2138085750.0000600815
  2.9500000000000000E+001,  2.2601349999999999E+002,  9.9099999999998545E-001,22601350.000000000000,22601350.000000000000,2115583500.0000600815
  3.0500000000000000E+001,  2.2700450000000001E+002,  9.9100000000001387E-001,22700450.000000000000,22700450.000000000000,2092982150.0000600815
  3.1500000000000000E+001,  2.2799500000000000E+002,  9.9000000000000909E-001,22799500.000000000000,22799500.000000000000,2070281700.0000600815
  3.2500000000000000E+001,  2.2973150000000001E+002,  2.4830000000000041E+000,22973150.000000000000,22973150.000000000000,2047482200.0000600815
  3.3500000000000000E+001,  2.3235800000000000E+002,  2.7699999999999818E+000,23235800.000000000000,23235800.000000000000,2024509050.0000600815
  3.4500000000000000E+001,  2.3512799999999999E+002,  2.7700000000000102E+000,23512800.000000000000,23512800.000000000000,2001273250.0000600815
  3.5500000000000000E+001,  2.3789750000000001E+002,  2.7690000000000055E+000,23789750.000000000000,23789750.000000000000,1977760450.0000600815
  3.6500000000000000E+001,  2.4066600000000000E+002,  2.7680000000000007E+000,24066600.000000000000,24066600.000000000000,1953970700.0000600815
  3.7500000000000000E+001,  2.4343400000000003E+002,  2.7680000000000007E+000,24343400.000000003725,24343400.000000003725,1929904100.0000600815
  3.8500000000000000E+001,  2.4620100000000002E+002,  2.7659999999999911E+000,24620100.000000003725,24620100.000000003725,1905560700.0000600815
  3.9500000000000000E+001,  2.4896699999999998E+002,  2.7659999999999911E+000,24896700.000000000000,24896700.000000000000,1880940600.0000600815
  4.0500000000000000E+001,  2.5173200000000000E+002,  2.7640000000000100E+000,25173200.000000000000,25173200.000000000000,1856043900.0000600815
  4.1500000000000000E+001,  2.5449599999999998E+002,  2.7639999999999816E+000,25449599.999999996275,25449599.999999996275,1830870700.0000600815
  4.2500000000000000E+001,  2.5725950000000000E+002,  2.7630000000000337E+000,25725950.000000000000,25725950.000000000000,1805421100.0000600815
  4.3500000000000000E+001,  2.6002200000000005E+002,  2.7620000000000005E+000,26002200.000000003725,26002200.000000003725,1779695150.0000600815
  4.4500000000000000E+001,  2.6278350000000000E+002,  2.7609999999999673E+000,26278350.000000000000,26278350.000000000000,1753692950.0000600815
  4.5500000000000000E+001,  2.6554449999999997E+002,  2.7610000000000241E+000,26554449.999999996275,26554449.999999996275,1727414600.0000600815
  4.6500000000000000E+001,  2.6830450000000002E+002,  2.7590000000000146E+000,26830450.000000003725,26830450.000000003725,1700860150.0000600815
  4.7500000000000000E+001,  2.7016700000000003E+002,  9.6599999999995134E-001,27016700.000000003725,27016700.000000003725,1674029700.0000600815
  4.8500000000000000E+001,  2.7064999999999998E+002,  0.0000000000000000E+000,27064999.999999996275,27064999.999999996275,1647013000.0000600815
  4.9500000000000000E+001,  2.7064999999999998E+002,  0.0000000000000000E+000,27064999.999999996275,27064999.999999996275,1619948000.0000600815
  5.0500000000000000E+001,  2.7064999999999998E+002,  0.0000000000000000E+000,27064999.999999996275,27064999.999999996275,1592883000.0000600815
  5.1500000000000000E+001,  2.6984050000000002E+002, -1.6189999999999714E+000,26984050.000000003725,26984050.000000003725,1565818000.0000600815
  5.2500000000000000E+001,  2.6765400000000000E+002, -2.7540000000000191E+000,26765400.000000000000,26765400.000000000000,1538833950.0000600815
  5.3500000000000000E+001,  2.6490049999999997E+002, -2.7529999999999859E+000,26490049.999999996275,26490049.999999996275,1512068550.0000600815
  5.4500000000000000E+001,  2.6214750000000004E+002, -2.7529999999999859E+000,26214750.000000003725,26214750.000000003725,1485578500.0000600815
  5.5500000000000000E+001,  2.5939499999999998E+002, -2.7520000000000095E+000,25939500.000000000000,25939500.000000000000,1459363750.0000600815
  5.6500000000000000E+001,  2.5664350000000002E+002, -2.7510000000000048E+000,25664350.000000000000,25664350.000000000000,1433424250.0000600815
  5.7500000000000000E+001,  2.5389300000000000E+002, -2.7500000000000000E+000,25389300.000000000000,25389300.000000000000,1407759900.0000600815
  5.8500000000000000E+001,  2.5114350000000002E+002, -2.7489999999999952E+000,25114350.000000000000,25114350.000000000000,1382370600.0000600815
  5.9500000000000000E+001,  2.4839499999999998E+002, -2.7480000000000189E+000,24839500.000000000000,24839500.000000000000,1357256250.0000600815
  6.0500000000000000E+001,  2.4564749999999998E+002, -2.7469999999999857E+000,24564749.999999996275,24564749.999999996275,1332416750.0000600815
  6.1500000000000000E+001,  2.4289900000000000E+002, -2.7500000000000000E+000,24289900.000000000000,24289900.000000000000,1307852000.0000600815
  6.2500000000000000E+001,  2.4015250000000000E+002, -2.7429999999999950E+000,24015250.000000000000,24015250.000000000000,1283562100.0000600815
  6.3500000000000000E+001,  2.3740850000000000E+002, -2.7450000000000045E+000,23740850.000000000000,23740850.000000000000,1259546850.0000600815
  6.4500000000000000E+001,  2.3466399999999999E+002, -2.7439999999999998E+000,23466400.000000000000,23466400.000000000000,1235806000.0000600815
  6.5500000000000000E+001,  2.3192050000000000E+002, -2.7429999999999950E+000,23192050.000000000000,23192050.000000000000,1212339600.0000600815
  6.6500000000000000E+001,  2.2917800000000000E+002, -2.7420000000000186E+000,22917800.000000000000,22917800.000000000000,1189147550.0000600815
  6.7500000000000000E+001,  2.2643599999999998E+002, -2.7419999999999902E+000,22643599.999999996275,22643599.999999996275,1166229750.0000600815
  6.8500000000000000E+001,  2.2369499999999999E+002, -2.7400000000000091E+000,22369500.000000000000,22369500.000000000000,1143586150.0000600815
  6.9500000000000000E+001,  2.2095499999999998E+002, -2.7399999999999807E+000,22095500.000000000000,22095500.000000000000,1121216650.0000600815
  7.0500000000000000E+001,  2.1821550000000002E+002, -2.7390000000000043E+000,21821550.000000003725,21821550.000000003725,1099121150.0000600815
  7.1500000000000000E+001,  2.1555450000000002E+002, -2.5829999999999984E+000,21555450.000000003725,21555450.000000003725,1077299600.0000600815
  7.2500000000000000E+001,  2.1328550000000001E+002, -1.9550000000000125E+000,21328550.000000000000,21328550.000000000000,1055744150.0000600815
  7.3500000000000000E+001,  2.1133050000000000E+002, -1.9549999999999841E+000,21133050.000000000000,21133050.000000000000,1034415600.0000600815
  7.4500000000000000E+001,  2.0937600000000000E+002, -1.9540000000000077E+000,20937600.000000000000,20937600.000000000000,1013282550.0000600815
  7.5500000000000000E+001,  2.0742250000000001E+002, -1.9530000000000030E+000,20742250.000000000000,20742250.000000000000,992344950.00006008148
  7.6500000000000000E+001,  2.0546949999999998E+002, -1.9530000000000030E+000,20546950.000000000000,20546950.000000000000,971602700.00006008148
  7.7500000000000000E+001,  2.0351700000000000E+002, -1.9519999999999982E+000,20351700.000000000000,20351700.000000000000,951055750.00006008148
  7.8500000000000000E+001,  2.0156549999999999E+002, -1.9509999999999934E+000,20156550.000000000000,20156550.000000000000,930704050.00006008148
  7.9500000000000000E+001,  1.9961450000000002E+002, -1.9509999999999934E+000,19961450.000000003725,19961450.000000003725,910547500.00006008148
  8.0500000000000000E+001,  1.9766350000000000E+002, -1.9510000000000218E+000,19766350.000000000000,19766350.000000000000,890586050.00006008148
  8.1500000000000000E+001,  1.9571350000000001E+002, -1.9489999999999839E+000,19571350.000000000000,19571350.000000000000,870819700.00006008148
  8.2500000000000000E+001,  1.9376450000000000E+002, -1.9490000000000123E+000,19376450.000000000000,19376450.000000000000,851248350.00006008148
  8.3500000000000000E+001,  1.9181549999999999E+002, -1.9489999999999839E+000,19181550.000000000000,19181550.000000000000,831871900.00006008148
  8.4500000000000000E+001,  1.8986700000000002E+002, -1.9480000000000075E+000,18986700.000000003725,18986700.000000003725,812690350.00006008148
  8.5500000000000000E+001,  1.8788150000000002E+002, -2.0229999999999961E+000,18788150.000000000000,18788150.000000000000,793703650.00006008148
  8.6500000000000000E+001,  1.8687000000000000E+002,  0.0000000000000000E+000,18687000.000000000000,18687000.000000000000,774915500.00006008148
  8.7500000000000000E+001,  1.8687000000000000E+002,  0.0000000000000000E+000,18687000.000000000000,18687000.000000000000,756228500.00006008148
  8.8500000000000000E+001,  1.8687000000000000E+002,  0.0000000000000000E+000,18687000.000000000000,18687000.000000000000,737541500.00006008148
  8.9500000000000000E+001,  1.8687000000000000E+002,  0.0000000000000000E+000,18687000.000000000000,18687000.000000000000,718854500.00006008148
  9.0500000000000000E+001,  1.8687000000000000E+002,  0.0000000000000000E+000,18687000.000000000000,18687000.000000000000,700167500.00006008148
  9.1500000000000000E+001,  1.8691500000000002E+002,  9.0000000000003411E-002,18691500.000000003725,18691500.000000003725,681480500.00006008148
  9.2500000000000000E+001,  1.8710500000000002E+002,  2.8999999999999204E-001,18710500.000000000000,18710500.000000000000,662789000.00006008148
  9.3500000000000000E+001,  1.8749500000000000E+002,  4.9000000000000909E-001,18749500.000000000000,18749500.000000000000,644078500.00006008148
  9.4500000000000000E+001,  1.8807999999999998E+002,  6.7999999999997840E-001,18808000.000000000000,18808000.000000000000,625329000.00006008148
  9.5500000000000000E+001,  1.8886500000000001E+002,  8.9000000000001478E-001,18886500.000000000000,18886500.000000000000,606521000.00006008148
  9.6500000000000000E+001,  1.8985500000000002E+002,  1.0900000000000034E+000,18985500.000000000000,18985500.000000000000,587634500.00006008148
  9.7500000000000000E+001,  1.9106000000000000E+002,  1.3199999999999932E+000,19106000.000000000000,19106000.000000000000,568649000.00006008148
  9.8500000000000000E+001,  1.9250000000000000E+002,  1.5600000000000023E+000,19250000.000000000000,19250000.000000000000,549543000.00006008148
  9.9500000000000000E+001,  1.9418000000000001E+002,  1.8000000000000114E+000,19418000.000000000000,19418000.000000000000,530293000.00006002188
  1.0050000000000000E+002,  1.9612000000000000E+002,  2.0799999999999841E+000,19612000.000000000000,19612000.000000000000,510875000.00006002188
  1.0150000000000000E+002,  1.9834500000000000E+002,  2.3700000000000045E+000,19834500.000000000000,19834500.000000000000,491263000.00006002188
  1.0250000000000000E+002,  2.0088000000000000E+002,  2.6999999999999886E+000,20088000.000000000000,20088000.000000000000,471428500.00006002188
  1.0350000000000000E+002,  2.0376999999999998E+002,  3.0800000000000125E+000,20377000.000000000000,20377000.000000000000,451340500.00006002188
  1.0450000000000000E+002,  2.0707499999999999E+002,  3.5300000000000011E+000,20707500.000000000000,20707500.000000000000,430963500.00006002188
  1.0550000000000000E+002,  2.1086500000000001E+002,  4.0499999999999829E+000,21086500.000000000000,21086500.000000000000,410256000.00006002188
  1.0650000000000000E+002,  2.1525999999999999E+002,  4.7400000000000091E+000,21526000.000000000000,21526000.000000000000,389169500.00006002188
  1.0750000000000000E+002,  2.2045999999999998E+002,  5.6599999999999966E+000,22045999.999999996275,22045999.999999996275,367643500.00006002188
  1.0850000000000000E+002,  2.2681000000000000E+002,  7.0400000000000205E+000,22681000.000000000000,22681000.000000000000,345597500.00006002188
  1.0950000000000000E+002,  2.3516500000000002E+002,  9.6699999999999875E+000,23516500.000000003725,23516500.000000003725,322916500.00006002188
  1.1050000000000000E+002,  2.4600000000000000E+002,  1.2000000000000000E+001,24600000.000000000000,24600000.000000000000,299400000.00006002188
  1.1150000000000000E+002,  2.5800000000000000E+002,  1.2000000000000000E+001,25800000.000000000000,25800000.000000000000,274800000.00006002188
  1.1250000000000000E+002,  2.7000000000000000E+002,  1.2000000000000000E+001,27000000.000000000000,27000000.000000000000,249000000.00006002188
  1.1350000000000000E+002,  2.8200000000000000E+002,  1.2000000000000000E+001,28200000.000000000000,28200000.000000000000,222000000.00006002188
  1.1450000000000000E+002,  2.9400000000000000E+002,  1.2000000000000000E+001,29400000.000000000000,29400000.000000000000,193800000.00006002188
  1.1550000000000000E+002,  3.0600000000000000E+002,  1.2000000000000000E+001,30600000.000000000000,30600000.000000000000,164400000.00006002188
  1.1650000000000000E+002,  3.1800000000000000E+002,  1.2000000000000000E+001,31800000.000000000000,31800000.000000000000,133800000.00006000698
  1.1750000000000000E+002,  3.3000000000000000E+002,  1.2000000000000000E+001,33000000.000000000000,33000000.000000000000,102000000.00006000698
  1.1850000000000000E+002,  3.4200000000000000E+002,  1.2000000000000000E+001,34200000.000000000000,34200000.000000000000,69000000.000060006976
  1.1950000000000000E+002,  3.4800000000060004E+002,  1.2000214155705180E-009,34800000.000060006976,34800000.000060006976,34800000.000060006976
---, ---, ---, ---,  0.0000000000000000E+000, ---
 # height (km), edge
  0.0000000000000000E+000,  2.8814999999999998E+002
  1.0000000000000000E+000,  2.8165100000000001E+002
  2.0000000000000000E+000,  2.7515400000000000E+002
  3.0000000000000000E+000,  2.6865899999999999E+002
  4.0000000000000000E+000,  2.6216600000000000E+002
  5.0000000000000000E+000,  2.5567599999999999E+002
  6.0000000000000000E+000,  2.4918700000000001E+002
  7.0000000000000000E+000,  2.4269999999999999E+002
  8.0000000000000000E+000,  2.3621500000000000E+002
  9.0000000000000000E+000,  2.2973300000000000E+002
  1.0000000000000000E+001,  2.2325200000000001E+002
  1.1000000000000000E+001,  2.1677400000000000E+002
  1.2000000000000000E+001,  2.1665000000000001E+002
  1.3000000000000000E+001,  2.1665000000000001E+002
  1.4000000000000000E+001,  2.1665000000000001E+002
  1.5000000000000000E+001,  2.1665000000000001E+002
  1.6000000000000000E+001,  2.1665000000000001E+002
  1.7000000000000000E+001,  2.1665000000000001E+002
  1.8000000000000000E+001,  2.1665000000000001E+002
  1.9000000000000000E+001,  2.1665000000000001E+002
  2.0000000000000000E+001,  2.1665000000000001E+002
  2.1000000000000000E+001,  2.1758099999999999E+002
  2.2000000000000000E+001,  2.1857400000000001E+002
  2.3000000000000000E+001,  2.1956700000000001E+002
  2.4000000000000000E+001,  2.2056000000000000E+002
  2.5000000000000000E+001,  2.2155199999999999E+002
  2.6000000000000000E+001,  2.2254400000000001E+002
  2.7000000000000000E+001,  2.2353600000000000E+002
  2.8000000000000000E+001,  2.2452699999999999E+002
  2.9000000000000000E+001,  2.2551800000000000E+002
  3.0000000000000000E+001,  2.2650899999999999E+002
  3.1000000000000000E+001,  2.2750000000000000E+002
  3.2000000000000000E+001,  2.2849000000000001E+002
  3.3000000000000000E+001,  2.3097300000000001E+002
  3.4000000000000000E+001,  2.3374299999999999E+002
  3.5000000000000000E+001,  2.3651300000000001E+002
  3.6000000000000000E+001,  2.3928200000000001E+002
  3.7000000000000000E+001,  2.4205000000000001E+002
  3.8000000000000000E+001,  2.4481800000000001E+002
  3.9000000000000000E+001,  2.4758400000000000E+002
  4.0000000000000000E+001,  2.5034999999999999E+002
  4.1000000000000000E+001,  2.5311400000000000E+002
  4.2000000000000000E+001,  2.5587799999999999E+002
  4.3000000000000000E+001,  2.5864100000000002E+002
  4.4000000000000000E+001,  2.6140300000000002E+002
  4.5000000000000000E+001,  2.6416399999999999E+002
  4.6000000000000000E+001,  2.6692500000000001E+002
  4.7000000000000000E+001,  2.6968400000000003E+002
  4.8000000000000000E+001,  2.7064999999999998E+002
  4.9000000000000000E+001,  2.7064999999999998E+002
  5.0000000000000000E+001,  2.7064999999999998E+002
  5.1000000000000000E+001,  2.7064999999999998E+002
  5.2000000000000000E+001,  2.6903100000000001E+002
  5.3000000000000000E+001,  2.6627699999999999E+002
  5.4000000000000000E+001,  2.6352400000000000E+002
  5.5000000000000000E+001,  2.6077100000000002E+002
  5.6000000000000000E+001,  2.5801900000000001E+002
  5.7000000000000000E+001,  2.5526800000000000E+002
  5.8000000000000000E+001,  2.5251800000000000E+002
  5.9000000000000000E+001,  2.4976900000000001E+002
  6.0000000000000000E+001,  2.4702099999999999E+002
  6.1000000000000000E+001,  2.4427400000000000E+002
  6.2000000000000000E+001,  2.4152400000000000E+002
  6.3000000000000000E+001,  2.3878100000000001E+002
  6.4000000000000000E+001,  2.3603600000000000E+002
  6.5000000000000000E+001,  2.3329200000000000E+002
  6.6000000000000000E+001,  2.3054900000000001E+002
  6.7000000000000000E+001,  2.2780699999999999E+002
  6.8000000000000000E+001,  2.2506500000000000E+002
  6.9000000000000000E+001,  2.2232499999999999E+002
  7.0000000000000000E+001,  2.1958500000000001E+002
  7.1000000000000000E+001,  2.1684600000000000E+002
  7.2000000000000000E+001,  2.1426300000000001E+002
  7.3000000000000000E+001,  2.1230799999999999E+002
  7.4000000000000000E+001,  2.1035300000000001E+002
  7.5000000000000000E+001,  2.0839900000000000E+002
  7.6000000000000000E+001,  2.0644600000000000E+002
  7.7000000000000000E+001,  2.0449299999999999E+002
  7.8000000000000000E+001,  2.0254100000000000E+002
  7.9000000000000000E+001,  2.0059000000000000E+002
  8.0000000000000000E+001,  1.9863900000000001E+002
  8.1000000000000000E+001,  1.9668799999999999E+002
  8.2000000000000000E+001,  1.9473900000000000E+002
  8.3000000000000000E+001,  1.9278999999999999E+002
  8.4000000000000000E+001,  1.9084100000000001E+002
  8.5000000000000000E+001,  1.8889300000000000E+002
  8.6000000000000000E+001,  1.8687000000000000E+002
  8.7000000000000000E+001,  1.8687000000000000E+002
  8.8000000000000000E+001,  1.8687000000000000E+002
  8.9000000000000000E+001,  1.8687000000000000E+002
  9.0000000000000000E+001,  1.8687000000000000E+002
  9.1000000000000000E+001,  1.8687000000000000E+002
  9.2000000000000000E+001,  1.8696000000000001E+002
  9.3000000000000000E+001,  1.8725000000000000E+002
  9.4000000000000000E+001,  1.8774000000000001E+002
  9.5000000000000000E+001,  1.8841999999999999E+002
  9.6000000000000000E+001,  1.8931000000000000E+002
  9.7000000000000000E+001,  1.9040000000000001E+002
  9.8000000000000000E+001,  1.9172000000000000E+002
  9.9000000000000000E+001,  1.9328000000000000E+002
  1.0000000000000000E+002,  1.9508000000000001E+002
  1.0100000000000000E+002,  1.9716000000000000E+002
  1.0200000000000000E+002,  1.9953000000000000E+002
  1.0300000000000000E+002,  2.0222999999999999E+002
  1.0400000000000000E+002,  2.0531000000000000E+002
  1.0500000000000000E+002,  2.0884000000000000E+002
  1.0600000000000000E+002,  2.1288999999999999E+002
  1.0700000000000000E+002,  2.1763000000000000E+002
  1.0800000000000000E+002,  2.2328999999999999E+002
  1.0900000000000000E+002,  2.3033000000000001E+002
  1.1000000000000000E+002,  2.4000000000000000E+002
  1.1100000000000000E+002,  2.5200000000000000E+002
  1.1200000000000000E+002,  2.6400000000000000E+002
  1.1300000000000000E+002,  2.7600000000000000E+002
  1.1400000000000000E+002,  2.8800000000000000E+002
  1.1500000000000000E+002,  3.0000000000000000E+002
  1.1600000000000000E+002,  3.1200000000000000E+002
  1.1700000000000000E+002,  3.2400000000000000E+002
  1.1800000000000000E+002,  3.3600000000000000E+002
  1.1900000000000000E+002,  3.4800000000000000E+002
  1.2000000000000000E+002,  3.4800000000120002E+002
